wheel-1
pwm-
0
10
19
26
36
46
55
67
80
87
99
108
119
128
139
148
159
170
180

rpm-
48.55
49.75
49.26
46.25
40.32
33.14
28.66
21.37
13.63
10.41
9.98
14.25
20.68
26.04
33
37.4
43.54
48.93
49.34





wheel-2
pwm-
0
10
19
28
36
46
55
65
75
87
99
106
115
127
137
146
150
160
170
180



rpm-
47.46
48.15
46.51
41.89
38.38
32.64
28.84
21.37
17.04
10.92
9.96
13.04
18.34
21.33
25.99
34.20
37.22
41.72
46.04
46.35


wheel-3
pwm-
0
10
19
26
35
45
54
65
77
89
99
108
119
128
139
148
159
168
180


rpm-
48.54
49.01
47.84
44.70
39.37
34.01
28.48
22.27
15.91
9.56
9.55
13.95
20.17
24.93
31.81
36.27
42.55
47.24
49.30

